1.0 
1.0 
1.0 
1.0 
2.0 
3.0 
0.9999940227050781 
0.999988 
0.9999940227050781 
0.9999940227050781 
1.999976 
2.9999820681152345 
0.9999820681152344 
0.9999640000000022 
0.9999820681152429 
0.9999820681152365 
1.999928001434485 
2.9999462129823167 
0.9999641341042076 
0.9999279987090974 
0.9999641369954586 
0.9999641341042294 
1.9998560031568944 
2.9998924455266125 
0.9999402164177025 
0.9998799935443524 
0.99994023087629 
0.9999402164178026 
1.9997600014392667 
2.999820778962124 
0.9999103086696268 
0.9998199806281006 
0.9999103520548832 
0.9999103086699449 
1.9996399899686976 
2.9997312287923736 
0.9998744023363346 
0.9997479547836322 
0.9998745035962777 
0.9998744023371434 
1.9994959598406032 
2.99962381281228 
0.9998324867488654 
0.9996639095292702 
0.9998326893350493 
0.9998324867506371 
1.9993278995487713 
2.9994985511110124 
0.9997845490831687 
0.9995678370708199 
0.99978491387728 
0.9997845490866542 
1.999135794972175 
2.9993554660758224 
0.9997305743482977 
0.9994597282923734 
0.9997311826028523 
0.9997305743546198 
1.9989196293585199 
2.999194582396833 
0.9996705453725538 
0.9993395727454485 
0.999671501668066 
0.9996705453833148 
1.9986793833044831 
2.9990159270727808 
0.9996044427875607 
0.9992073586364361 
0.99960587800857 
0.9996044428049637 
1.9984150347326048 
2.9988195294176916 
0.9995322450102413 
0.9990630728123285 
0.9995343193426103 
0.9995322450372265 
1.9981265588647719 
2.9986054210684827 
0.9994539282226701 
0.9989067007446962 
0.9994568341745845 
0.9994539282630654 
1.99781392819224 
2.998373635993471 
0.9993694663497666 
0.9987382265118762 
0.9993734317989028 
0.9993694664084546 
1.9974771124421247 
2.9981242105017745 
0.9992788310347962 
0.9985576327793324 
0.999284122304146 
0.9992788311178955 
1.997116078540284 
2.9978571832535854 
0.9991819916126354 
0.9983649007781445 
0.9991889165775178 
0.9991819917276993 
1.9967307905705127 
2.9975725952713033 
0.9990789150807605 
0.9981600102815757 
0.9990878263095849 
0.9990789152369917 
1.9963212097299552 
2.9972704899515015 
0.9989695660679099 
0.9979429395796677 
0.9989808639992968 
0.9989695662763926 
1.995887294280637 
2.9969509130777108 
0.998853906800369 
0.9977136654518057 
0.9988680429592802 
0.9988539070743189 
1.995428999497008 
2.9966139128339946 
0.9987318970658213 
0.9974721631371921 
0.9987493773214003 
0.998731897420854 
1.9949462776093796 
2.996259539819294 
0.9986034941747051 
0.9972184063031624 
0.9986248820425798 
0.9986034946291233 
1.9944390777431282 
2.9958878470625168 
0.9984686529190099 
0.9969523670112717 
0.9984945729108687 
0.9984686534941112 
1.993907345853532 
2.9954988900383444 
0.9983273255284439 
0.9966740156810764 
0.9983584665517553 
0.9983273262488482 
1.9933510246560915 
2.995092726683725 
0.9981794616238965 
0.996383321051529 
0.998216580434709 
0.9981794625178955 
1.9927700535521815 
2.99466941741503 
0.9980250081681151 
0.9960802501398985 
0.9980689328799442 
0.9980250092680442 
1.9921643685498651 
2.9942290251458354 
0.997863909413513 
0.9957647681981238 
0.9979155430653968 
0.997863910756146 
1.9915339021796916 
2.993771615305297 
0.9976961068470143 
0.9954368386665009 
0.997756431033898 
0.9976961084739826 
1.9908785834052913 
2.9932972558570876 
0.99752153913184 
0.9950964231245993 
0.9975916177005383 
0.9975215410900773 
1.9901983375285615 
2.992806017318852 
0.9973401420461331 
0.9947434812392943 
0.9974211248602048 
0.9973401443883456 
1.989493086089232 
2.99229797278215 
0.9971518484183091 
0.9943779707097968 
0.9972449751952815 
0.9971518512034746 
1.9887627467585807 
2.9917731979328366 
0.9969565880590195 
0.993999847209555 
0.997063192283496 
0.9969565913529144 
1.9880072332270573 
2.9912317710718432 
0.9967542876896012 
0.9936090643248929 
0.9968758006059004 
0.9967542915653574 
1.9872264550855583 
2.990673773136312 
0.9965448708668803 
0.9932055734902445 
0.9966828255549681 
0.9965448754055751 
1.9864203177000812 
2.990099287721034 
0.9963282579041927 
0.9927893239198327 
0.9964842934427921 
0.99632826319547 
1.9855887220794688 
2.989508401100143 
0.9961043657884706 
0.9923602625356328 
0.996280231509366 
0.9961043719311974 
1.9847315647359385 
2.988901202249012 
0.9958731080932396 
0.9919183338914539 
0.9960706679309302 
0.9958731151961988 
1.9838487375380722 
2.9882777828662936 
0.995634394887358 
0.9914634800929555 
0.9958556318283646 
0.9956344030699791 
1.982940127555924 
2.9876382373960535 
0.9953881326393238 
0.9909956407134135 
0.995635153275605 
0.995388142032453 
1.9820056168978828 
2.9869826630499268 
0.9951342241169595 
0.9905147527050331 
0.9954092633080668 
0.9951342348636716 
1.9810450825389063 
2.9863111598292407 
0.9948725682822778 
0.9900207503055958 
0.9951779939310483 
0.994872580538732 
1.9800583961397178 
2.9856238305470324 
0.9946030601813163 
0.9895135649402166 
0.9949413781280951 
0.9946030741176574 
1.979045423856538 
2.9849207808498948 
0.994325590828719 
0.9889931251179733 
0.9946994498692977 
0.9943256066300269 
1.978006026140894 
2.984202119239576 
0.9940400470868258 
0.9884593563231543 
0.994452244119499 
0.9940400649541153 
1.9769400575290255 
2.9834679570942533 
0.9937463115390206 
0.9879121809008592 
0.9941997968463839 
0.993746331690294 
1.9758473664203748 
2.982718408689408 
